Maquette A (C)1998 Laboratoire De Temps Reel
215
1 2221 59 206 Gauche
2 2223 207 3 Gauche
3 2224 2 4 Gauche
4 2203 3 5
5 2261 6 4 110 Droite 
6 2201 5 7 
7 2202 6 8
8 2202 7 9 
9 2207 8 10
10 2207 9 11
11 2201 10 12 
12 2204 11 168 
13 2261 170 14 60 Gauche 
14 2203 13 15 
15 2224 14 16 Gauche
16 2223 15 175 Gauche 
17 2221 176 18 Gauche
18 2223 17 19 Gauche
19 2224 18 173 Gauche
20 2201 174 21 
21 2293 20 22
22 2261 23 21 154 Droite
23 2201 22 164 
24 2201 165 166 
25 2201 167 26 
26 2261 25 153 73 Gauche
27 2201 153 187
28 2224 188 29 Gauche
29 2223 28 30 Gauche 
30 2221 29 185 Gauche 
31 2223 186 32 Gauche 
32 2224 31 33 Gauche
33 2203 32 34
34 2261 35 33 78 Droite
35 2201 34 36
36 2202 35 37
37 2202 36 38
38 2207 37 39
39 2207 38 40
40 2201 39 41
41 2204 40 180 
42 2261 182 43 92 Gauche 
43 2203 42 44
44 2224 43 45 Gauche
45 2223 44 194 Gauche
46 2221 195 47 Gauche
47 2223 46 48 Gauche
48 2224 47 196 Gauche
49 2201 197 50
50 2293 49 51
51 2261 52 50 97 Droite
52 2201 51 198
53 2201 199 200
54 2201 201 55
55 2261 54 56 155 Gauche
56 2293 55 57
57 2201 56 204
58 2224 205 59 Gauche
59 2223 58 1 Gauche
60 2224 13 61 Gauche
61 2221 60 62 Gauche
62 2261 63 61 123 Droite
63 2224 62 64 Gauche
64 2261 63 65 66 Gauche
65 2203 154 64
66 2261 64 67 124 Gauche
67 2201 66 177
68 2202 177 69
69 2200 68 193
70 2202 193 71
71 2201 70 72
72 2261 74 71 138 Droite
73 2203 157 26
74 2261 75 157 72 Droite
75 2224 74 76 Gauche
76 2261 75 77 79 Gauche
77 2221 76 78 Gauche
78 2224 77 34 Gauche
79 2223 76 80 Gauche
80 2224 79 81 Gauche
81 2224 80 82 Gauche
82 2224 81 83 Gauche
83 2200 82 183
84 2200 184 85
85 2200 84 86
86 2200 85 87
87 2200 86 88
88 2224 87 89 Gauche
89 2224 88 90 Gauche
90 2224 89 91 Gauche
91 2223 90 94 Gauche
92 2224 42 93 Gauche
93 2221 92 94 Gauche
94 2261 95 93 91 Droite
95 2224 94 96 Gauche
96 2261 95 156 98 Gauche
97 2203 156 51
98 2261 96 99 152 Gauche
99 2201 98 100
100 2202 99 202
101 2200 202 102
102 2202 101 203
103 2201 203 104
104 2261 106 103 137 Droite
105 2203 155 106
106 2261 107 105 104 Droite
107 2224 106 108 Gauche
108 2261 107 109 111 Gauche
109 2221 108 110 Gauche
110 2224 109 5 Gauche
111 2223 108 112 Gauche
112 2224 111 113 Gauche
113 2224 112 114 Gauche
114 2224 113 115 Gauche
115 2200 114 116
116 2200 115 117
117 2200 116 118
118 2200 117 171
119 2200 172 120
120 2224 119 121 Gauche
121 2224 120 122 Gauche
122 2224 121 123 Gauche
123 2223 122 62 Gauche
124 2224 66 162 Gauche
125 2224 163 126 Gauche
126 2221 125 127 Gauche
127 2201 126 159
128 2201 179 129
129 2261 128 130 144 Droite
130 2208 129 131
131 2208 130 132
132 2261 133 131 144 Gauche
133 2201 132 212
134 2201 158 135
135 2221 134 214 Gauche
136 2223 215 137 Gauche
137 2224 136 104 Gauche
138 2224 72 139 Droite
139 2223 138 189 Droite
140 2221 190 141 Droite
141 2201 140 161
142 2201 192 143
143 2261 142 145 144 Gauche
144 2258 129 147 143 132
145 2208 143 146
146 2208 145 147
147 2261 148 146 144 Droite
148 2201 147 210
149 2201 160 150
150 2221 149 208 Droite
151 2223 209 152 Droite
152 2224 151 98 Droite
153 2293 26 27
154 2203 22 65
155 2203 55 105
156 2203 96 97
157 2203 74 73
158 2203 213 134
159 2204 127 178
160 2203 211 149
161 2204 141 191
162 2223 124 163 Gauche
163 2224 162 125 Gauche
164 2202 23 165
165 2202 164 24
166 2202 24 167
167 2202 166 25
168 2202 12 169
169 2202 168 170
170 2201 169 13
171 2202 118 172
172 2204 171 119
173 2202 19 174
174 2202 173 20
175 2224 16 176 Gauche
176 2224 175 17 Gauche
177 2202 67 68
178 2202 159 179
179 2202 178 128
180 2202 41 181
181 2202 180 182
182 2201 181 42
183 2202 83 184
184 2204 183 84
185 2224 30 186 Gauche
186 2224 185 31 Gauche
187 2202 27 188
188 2202 187 28
189 2224 139 190 Droite
190 2224 189 140 Droite
191 2202 161 192
192 2202 191 142
193 2202 69 70
194 2224 45 195 Gauche
195 2224 194 46 Gauche
196 2202 48 197
197 2202 196 49
198 2202 52 199
199 2202 198 53
200 2202 53 201
201 2202 200 54
202 2202 100 101
203 2202 102 103
204 2202 57 205
205 2202 204 58
206 2224 1 207 Gauche
207 2224 206 2 Gauche
208 2224 150 209 Droite
209 2224 208 151 Droite
210 2202 148 211
211 2202 210 160
212 2202 133 213
213 2202 212 158
214 2224 135 215 Gauche
215 2224 214 136 Gauche
36
1 168
2 175
3 174
4 165
5 121
6 63
7 68
8 163
9 178
10 166
11 187
12 186
13 37
14 193
15 75
16 81
17 191
18 189
19 180
20 194
21 197
22 199
23 89
24 95
25 202
26 209
27 211
28 200
29 204
30 207
31 8
32 102
33 107
34 113
35 213
36 215
24
1 13
2 62
3 64
4 22
5 66
6 129
7 26
8 74
9 76
10 34
11 72
12 143
13 42
14 94
15 96
16 51
17 98
18 147
19 55
20 106
21 108
22 5
23 104
24 132
129
200 -50
-1 0
