Maquette D (c)1999 Laboratoire d'Informatique Industrielle de l'EIG
108
1 4977 2 
2 9999 1 81 
3 9999 81 4 
4 4612R 3 17 5 Droite
5 9999 4 6 
6 9998 5 7 
7 4649 6 22 8 14 
8 9998 7 9 
9 9999 8 10 
10 4611L 11 19 9 Gauche
11 9999 10 82 
12 9999 82 13 
13 4977 12 
14 9998 7 15 
15 9999 14 16 
16 4611L 28 18 15 Gauche
17 9999 4 20 
18 9999 16 20 
19 9999 10 21 
20 9997 17 18 
21 9997 19 24 
22 9998 7 23 
23 9999 22 25 
24 9999 21 25 
25 4612R 26 24 23 Droite
26 9999 25 27 
27 4997 26 104 
28 9999 16 29 
29 4997 28 103 
30 4630 91 41 55 32 
31 4630 102 42 33 56 
32 9999 30 34 
33 9999 31 35 
34 9998 32 36 
35 9998 33 36 
36 4649 34 37 35 38 
37 9998 36 40 
38 9998 36 39 
39 9999 38 48 
40 9999 37 47 
41 9999 30 43 
42 9999 31 44 
43 9997 41 45 
44 9997 42 46 
45 9999 43 48 
46 9999 44 47 
47 4612R 88 46 40 Droite
48 4611L 87 45 39 Gauche
49 4188 79 51 
50 4188 80 52 
51 9999 49 53 
52 9999 50 54 
53 4977 51 
54 4977 52 
55 9999 30 57 
56 9999 31 58 
57 4188 55 59 
58 4188 56 60 
59 9999 57 61 
60 9999 58 62 
61 4612R 59 85 86 Droite
62 4611L 60 90 89 Gauche
63 4094 86 64 
64 4094 63 65 
65 4094 64 72 
66 4094 89 67 
67 4094 66 68 
68 4094 67 73 
69 4094 84 74 
70 4094 83 71 
71 9999 70 75 
72 9999 65 76 
73 9999 68 77 
74 9999 69 78 
75 4977 71 
76 4977 72 
77 4977 73 
78 4977 74 
79 4077 87 49 
80 4077 88 50 
81 9288 2 3 
82 9288 12 11 
83 4224 70 85 Droite
84 4224 90 69 Droite
85 9999 61 83 
86 9999 61 63 
87 9999 48 79 
88 9999 47 80 
89 9999 62 66 
90 9999 62 84 
91 9995 96 30 
92 9996 103 105 
93 9996 105 94 
94 9995 93 95 
95 9996 94 106 
96 9996 106 91 
97 9996 104 107 
98 9996 107 99 
99 9995 98 100 
100 9996 99 108 
101 9996 108 102 
102 9995 101 31 
103 9999 29 92 
104 9999 27 97
105 9995 92 93
106 9995 95 96
107 9995 97 98
108 9995 100 101 
48
1 2
2 12
3 3
4 11
5 17
6 5
7 9
8 19
9 23
10 24
11 15
12 18
13 28
14 26
15 103
16 104
17 91
18 102
19 55
20 32
21 56
22 33
23 41
24 42
25 45
26 39
27 87
28 40
29 46
30 88
31 59
32 85
33 86
34 60
35 90
36 89
37 71
38 72
39 51
40 52
41 73
42 74
43 94
44 99
45 105
46 106
47 107
48 108
2
1 29
2 27
12
1 4
2 10
3 16
4 25
5 30
6 30 Secondaire
7 31
8 31 Secondaire
9 61
10 48
11 47
12 62
1
-1494 98
-100 0
