Maquette B (C)1998 Laboratoire De Temps Reel
159
1 2260 2 45 24 23
2 2235 1 3 Droite
3 2233 2 4 Droite
4 2234 3 5 Droite
5 2234 4 6 Droite
6 2232 5 7 Droite
7 2261 8 46 6 Gauche
8 2231 7 9 Droite
9 2234 8 10 Droite
10 2234 9 11 Droite
11 2232 10 12 Droite
12 2261 13 80 11 Gauche
13 2261 12 58 14 Droite
14 2232 13 15 Droite
15 2234 14 16 Droite
16 2234 15 17 Droite
17 2231 16 18 Droite
18 2261 17 52 19 Droite
19 2232 18 20 Droite
20 2234 19 21 Droite
21 2234 20 22 Droite
22 2233 21 23 Droite
23 2235 22 1 Droite
24 2235 1 25 Gauche
25 2233 24 26 Gauche
26 2234 25 27 Gauche
27 2234 26 28 Gauche
28 2232 27 29 Gauche
29 2261 30 51 28 Droite
30 2231 29 31 Gauche
31 2234 30 32 Gauche
32 2234 31 33 Gauche
33 2232 32 34 Gauche
34 2261 35 105 33 Droite
35 2261 34 104 36 Gauche
36 2232 35 37 Gauche
37 2234 36 38 Gauche
38 2234 37 39 Gauche
39 2231 38 40 Gauche
40 2261 39 57 41 Gauche
41 2232 40 42 Gauche
42 2234 41 43 Gauche
43 2234 42 44 Gauche
44 2233 43 45 Gauche
45 2235 44 1 Gauche
46 2200 7 47
47 2208 46 48 
48 2202 47 49
49 2202 48 50
50 2293 49 51
51 2200 50 29
52 2200 18 53
53 2208 52 54
54 2202 53 55
55 2202 54 56
56 2293 55 57
57 2200 56 40
58 2201 13 59
59 2208 58 60
60 2203 59 61
61 2224 60 62 Droite
62 2224 61 63 Droite
63 2223 62 64 Droite
64 2267 81 63 65 Gauche
65 2233 64 66 Gauche
66 2234 65 67 Gauche
67 2234 66 68 Gauche
68 2200 67 69
69 2206 68 70
70 2206 69 71
71 2234 70 72 Gauche
72 2234 71 73 Gauche
73 2233 72 74 Gauche
74 2267 128 75 73 Droite
75 2223 74 76 Droite
76 2224 75 77 Droite
77 2224 76 78 Droite
78 2203 77 79
79 2208 78 80
80 2201 79 12
81 2261 64 140 82 Droite
82 2234 81 83 Droite
83 2201 82 84
84 2202 83 85
85 2202 84 86
86 2204 85 87
87 2200 86 88
88 2208 87 89
89 2201 88 90
90 2293 89 91
91 2200 90 92
92 2204 91 93
93 2202 92 94
94 2202 93 95
95 2201 94 96
96 2234 95 97 Droite
97 2261 98 150 96 Gauche
98 2267 97 99 151 Droite
99 2223 98 100 Droite
100 2224 99 101 Droite
101 2224 100 102 Droite
102 2203 101 103
103 2208 102 104
104 2201 103 35
105 2201 34 106
106 2208 105 107
107 2203 106 108
108 2224 107 109 Droite
109 2224 108 110 Droite
110 2223 109 111 Droite
111 2267 112 110 159 Gauche
112 2261 111 139 113 Droite
113 2234 112 114 Droite
114 2201 113 115
115 2202 114 116
116 2202 115 117
117 2204 116 118
118 2200 117 119
119 2293 118 120
120 2201 119 121
121 2208 120 122
122 2200 121 123
123 2204 122 124
124 2202 123 125
125 2202 124 126
126 2201 125 127
127 2234 126 128 Droite
128 2261 74 129 127 Gauche
129 2233 128 130 Gauche
130 2234 129 131 Gauche
131 2234 130 132 Gauche
132 2200 131 133
133 2207 132 134
134 2201 133 135
135 2203 134 136
136 2200 135 137
137 2234 136 138 Gauche
138 2234 137 139 Gauche
139 2233 138 112 Gauche
140 2233 81 141 Droite
141 2234 140 142 Droite
142 2234 141 143 Droite
143 2200 142 144
144 2207 143 145
145 2201 144 146
146 2203 145 147
147 2200 146 148
148 2234 147 149 Droite
149 2234 148 150 Droite
150 2233 149 97 Droite
151 2233 98 152 Droite
152 2234 151 153 Droite
153 2234 152 154 Droite
154 2200 153 155
155 2206 154 156
156 2206 155 157
157 2234 156 158 Droite
158 2234 157 159 Droite
159 2233 158 111 Droite
26
1 9
2 49
3 77
4 125
5 71
6 131
7 31
8 27
9 115
10 108
11 137
12 157
13 38
14 55
15 101
16 94
17 153
18 148
19 16
20 20
21 84
22 61
23 142
24 67
25 5
26 42
17
1 12
2 7
3 74
4 128
5 34
6 29
7 112
8 111
9 35
10 40
11 98
12 97
13 13
14 18
15 81
16 64
17 1
12
0 -800
1 0
