Maquette A2 (C)1998 Laboratoire De Temps Reel
226
1 2221 51 187 Gauche
2 2223 188 3 Gauche
3 2224 2 4 Gauche
4 2203 3 5
5 2261 6 4 100 Droite
6 2201 5 7
7 2202 6 8
8 2202 7 9
9 2207 8 10
10 2207 9 11
11 2201 10 12
12 2204 11 153
13 2261 155 14 52 Gauche
14 2203 13 15
15 2224 14 16 Gauche
16 2223 15 160 Gauche
17 2221 161 18 Gauche
18 2223 17 19 Gauche
19 2224 18 158 Gauche
20 2201 159 207
21 2261 209 207 208 Droite
22 2201 209 149
23 2201 150 151
24 2201 152 206
25 2261 206 204 205 Gauche
26 2261 27 197 68 Droite
27 2201 26 28
28 2202 27 29
29 2202 28 30
30 2207 29 31
31 2207 30 32
32 2201 31 33
33 2204 32 165
34 2261 167 35 82 Gauche
35 2203 34 36
36 2224 35 37 Gauche
37 2223 36 175 Gauche
38 2221 176 39 Gauche
39 2223 38 40 Gauche
40 2224 39 177 Gauche
41 2201 178 42
42 2293 41 43
43 2261 44 42 87 Droite
44 2201 43 179
45 2201 180 181
46 2201 182 47
47 2261 46 48 141 Gauche
48 2293 47 49
49 2201 48 185
50 2224 186 51 Gauche
51 2223 50 1 Gauche
52 2224 13 53 Gauche
53 2221 52 54 Gauche
54 2261 55 53 113 Droite
55 2224 54 56 Gauche
56 2261 55 208 57 Gauche
57 2261 56 58 114 Gauche
58 2201 57 162
59 2202 162 60
60 2200 59 174
61 2202 174 62
62 2201 61 63
63 2261 64 62 225 Droite
64 2261 65 205 63 Droite
65 2224 64 66 Gauche
66 2261 65 67 69 Gauche
67 2221 66 68 Gauche
68 2224 67 26 Gauche
69 2223 66 70 Gauche
70 2224 69 71 Gauche
71 2224 70 72 Gauche
72 2224 71 73 Gauche
73 2200 72 168
74 2200 169 75
75 2200 74 76
76 2200 75 77
77 2200 76 78
78 2224 77 79 Gauche
79 2224 78 80 Gauche
80 2224 79 81 Gauche
81 2223 80 84 Gauche
82 2224 34 83 Gauche
83 2221 82 84 Gauche
84 2261 85 83 81 Droite
85 2224 84 86 Gauche
86 2261 85 142 88 Gauche
87 2203 142 43
88 2261 86 89 226 Gauche
89 2201 88 90
90 2202 89 183
91 2200 183 92
92 2202 91 184
93 2201 184 94
94 2261 96 93 127 Droite
95 2203 141 96
96 2261 97 95 94 Droite
97 2224 96 98 Gauche
98 2261 97 99 101 Gauche
99 2221 98 100 Gauche
100 2224 99 5 Gauche
101 2223 98 102 Gauche
102 2224 101 103 Gauche
103 2224 102 104 Gauche
104 2224 103 105 Gauche
105 2200 104 106
106 2200 105 107
107 2200 106 108
108 2200 107 156
109 2200 157 110
110 2224 109 111 Gauche
111 2224 110 112 Gauche
112 2224 111 113 Gauche
113 2223 112 54 Gauche
114 2224 57 147 Gauche
115 2224 148 116 Gauche
116 2221 115 117 Gauche
117 2201 116 144
118 2201 164 119
119 2261 118 120 133 Droite
120 2208 119 121
121 2208 120 122
122 2261 123 121 133 Gauche
123 2201 122 193
124 2201 143 125
125 2221 124 195 Gauche
126 2223 196 127 Gauche
127 2224 126 94 Gauche
128 2223 225 170 Droite
129 2221 171 130 Droite
130 2201 129 146
131 2201 173 132
132 2261 131 134 133 Gauche
133 2258 119 136 132 122
134 2208 132 135
135 2208 134 136
136 2261 137 135 133 Droite
137 2201 136 191
138 2201 145 139
139 2221 138 189 Droite
140 2223 190 226 Droite
141 2203 47 95
142 2203 86 87
143 2203 194 124
144 2204 117 163
145 2203 192 138
146 2204 130 172
147 2223 114 148 Gauche
148 2224 147 115 Gauche
149 2202 22 150
150 2202 149 23
151 2202 23 152
152 2202 151 24
153 2202 12 154
154 2202 153 155
155 2201 154 13
156 2202 108 157
157 2204 156 109
158 2202 19 159
159 2202 158 20
160 2224 16 161 Gauche
161 2224 160 17 Gauche
162 2202 58 59
163 2202 144 164
164 2202 163 118
165 2202 33 166
166 2202 165 167
167 2201 166 34
168 2202 73 169
169 2204 168 74
170 2224 128 171 Droite
171 2224 170 129 Droite
172 2202 146 173
173 2202 172 131
174 2202 60 61
175 2224 37 176 Gauche
176 2224 175 38 Gauche
177 2202 40 178
178 2202 177 41
179 2202 44 180
180 2202 179 45
181 2202 45 182
182 2202 181 46
183 2202 90 91
184 2202 92 93
185 2202 49 186
186 2202 185 50
187 2224 1 188 Gauche
188 2224 187 2 Gauche
189 2224 139 190 Droite
190 2224 189 140 Droite
191 2202 137 192
192 2202 191 145
193 2202 123 194
194 2202 193 143
195 2224 125 196 Gauche
196 2224 195 126 Gauche
197 2261 26 199 215 Droite
198 2261 204 211 216 Droite
199 2221 200 197 Gauche
200 2201 199 220
201 2261 202 222 217 Gauche
202 2200 201 223
203 7391 224
204 2204 198 25
205 2293 64 25
206 2204 25 24
207 2204 20 21
208 2293 56 21
209 2204 21 22
210 2224 211 212 Gauche
211 2224 198 210 Gauche
212 2221 210 213 Gauche
213 2224 212 214 Gauche
214 2224 213 215 Gauche
215 2224 214 197 Gauche
216 2223 219 198 Gauche
217 2223 201 218 Gauche
218 2224 217 219 Gauche
219 2224 218 216 Gauche
220 2224 200 221 Gauche
221 2224 220 222 Gauche
222 2223 221 201 Gauche
223 2202 202 224
224 2202 223 203
225 2234 128 63 Gauche
226 2234 88 140 Gauche
39
1 153
2 160
3 159
4 150
5 111
6 55
7 59
8 148
9 163
10 151
11 210
12 214
13 29
14 174
15 65
16 71
17 172
18 170
19 165
20 175
21 178
22 180
23 79
24 85
25 183
26 190
27 192
28 181
29 185
30 188
31 8
32 92
33 97
34 103
35 194
36 196
37 220
38 218
39 223
27
1 13
2 54
3 56
4 21
5 57
6 119
7 25
8 64
9 66
10 26
11 63
12 132
13 34
14 84
15 86
16 43
17 88
18 136
19 47
20 96
21 98
22 5
23 94
24 122
25 198
26 197
27 201
1
-1257 -750
38 -92
