Maquette B2 (C) Juillet 1998 Laboratoire De Temps Reel
192
1 2260 2 45 24 23
2 2235 1 3 Droite
3 2233 2 4 Droite
4 2234 3 5 Droite
5 2234 4 6 Droite
6 2232 5 7 Droite
7 2261 8 46 6 Gauche
8 2231 7 9 Droite
9 2234 8 10 Droite
10 2234 9 11 Droite
11 2232 10 12 Droite
12 2261 13 76 11 Gauche
13 2261 12 58 14 Droite
14 2232 13 15 Droite
15 2234 14 16 Droite
16 2234 15 17 Droite
17 2231 16 18 Droite
18 2261 17 52 19 Droite
19 2232 18 20 Droite
20 2234 19 21 Droite
21 2234 20 22 Droite
22 2233 21 23 Droite
23 2235 22 1 Droite
24 2235 1 25 Gauche
25 2233 24 26 Gauche
26 2234 25 27 Gauche
27 2234 26 28 Gauche
28 2232 27 29 Gauche
29 2261 30 51 28 Droite
30 2231 29 31 Gauche
31 2234 30 32 Gauche
32 2234 31 33 Gauche
33 2232 32 34 Gauche
34 2261 35 99 33 Droite
35 2261 34 98 36 Gauche
36 2232 35 37 Gauche
37 2234 36 38 Gauche
38 2234 37 39 Gauche
39 2231 38 40 Gauche
40 2261 39 57 41 Gauche
41 2232 40 42 Gauche
42 2234 41 43 Gauche
43 2234 42 44 Gauche
44 2233 43 45 Gauche
45 2235 44 1 Gauche
46 2200 7 47
47 2208 46 48
48 2202 47 49
49 2202 48 50
50 2293 49 51
51 2200 50 29
52 2200 18 53
53 2208 52 54
54 2202 53 55
55 2202 54 56
56 2293 55 57
57 2200 56 40
58 2201 13 59
59 2293 58 60
60 2202 59 61
61 2234 60 62 Droite
62 2233 61 63 Droite
63 2233 62 64 Droite
64 2261 165 169 63 Gauche
65 2234 169 162 Gauche
66 2206 171 67
67 2206 66 173
68 2234 172 69 Gauche
69 2232 68 170 Gauche
70 2261 121 170 71 Droite
71 2233 70 72 Droite
72 2233 71 73 Droite
73 2234 72 74 Droite
74 2293 73 75
75 2293 74 76
76 2201 75 12
77 2201 166 78
78 2202 77 79
79 2202 78 80
80 2208 79 81
81 2200 80 82
82 2208 81 83
83 2201 82 84
84 2293 83 85
85 2201 84 86
86 2208 85 87
87 2202 86 88
88 2202 87 89
89 2201 88 90
90 2234 89 91 Droite
91 2261 92 136 90 Gauche
92 2261 91 137 93 Droite
93 2233 92 94 Droite
94 2233 93 95 Droite
95 2234 94 96 Droite
96 2202 95 97
97 2293 96 98
98 2201 97 35
99 2201 34 100
100 2293 99 101
101 2293 100 102
102 2234 101 103 Droite
103 2233 102 104 Droite
104 2233 103 105 Droite
105 2261 106 143 104 Gauche
106 2234 105 149 Droite
107 2201 149 108
108 2202 107 109
109 2202 108 110
110 2208 109 111
111 2201 110 112
112 2293 111 113
113 2201 112 114
114 2208 113 115
115 2200 114 116
116 2208 115 117
117 2202 116 118
118 2202 117 119
119 2201 118 120
120 2234 119 121 Droite
121 2261 70 122 120 Gauche
122 2233 121 123 Gauche
123 2234 122 124 Gauche
124 2234 123 125 Gauche
125 2201 124 144
126 2207 146 150
127 2201 150 128
128 2234 127 151 Gauche
129 2201 183 182
130 2207 182 131
131 2201 130 132
132 2203 131 133
133 2201 132 134
134 2234 133 135 Droite
135 2234 134 136 Droite
136 2233 135 91 Droite
137 2231 92 138 Droite
138 2232 137 139 Droite
139 2234 138 140 Droite
140 2200 139 141
141 2206 140 142
142 2206 141 147
143 2231 148 105 Droite
144 2202 125 145
145 2208 144 146
146 2208 145 126
147 2261 142 154 148 Droite
148 2234 143 147 Gauche
149 2260 156 107 106 153
150 2201 126 127
151 2223 128 152 Gauche
152 2204 151 153
153 2204 152 149
154 2221 147 192 Gauche
155 2261 159 157 190 Droite
156 2200 149 184
157 2224 155 158 Gauche
158 2206 157 186
159 2200 155 161
160 7391 161
161 2202 159 160
162 2261 171 163 65 Droite
163 2200 162 187
164 2200 189 174
165 2234 166 64 Gauche
166 2260 77 167 179 165
167 2221 175 166 Gauche
168 2221 174 175 Gauche
169 2221 64 65 Gauche
170 2221 69 70 Gauche
171 2206 162 66
172 2208 68 173
173 2204 172 67
174 2261 176 164 168 Gauche
175 2234 168 167 Gauche
176 2200 174 177
177 2202 176 178
178 7391 177
179 2204 166 180
180 2204 179 181
181 2223 183 180 Gauche
182 2201 129 130
183 2224 129 181 Gauche
184 2201 156 185
185 2202 184 186
186 2202 185 158
187 2201 163 188
188 2202 187 189
189 2202 188 164
190 2223 191 155 Gauche
191 2224 192 190 Gauche
192 2224 154 191 Gauche
32
1 9
2 49
3 73
4 118
5 68
6 124
7 31
8 27
9 108
10 102
11 128
12 148
13 38
14 55
15 95
16 88
17 139
18 134
19 16
20 20
21 78
22 61
23 183
24 65
25 5
26 42
27 185
28 192
29 161
30 188
31 175
32 177
21
1 12
2 7
3 70
4 121
5 34
6 29
7 149
8 105
9 35
10 40
11 92
12 91
13 13
14 18
15 166
16 64
17 1
18 162
19 147
20 155
21 174
1
352 -314
-98 19
