Maquette A1 (C)1998 Laboratoire De Temps Reel
225
1 2221 51 189 Gauche
2 2223 190 3 Gauche
3 2224 2 4 Gauche
4 2203 3 5
5 2261 6 4 102 Droite
6 2201 5 7
7 2202 6 8
8 2202 7 9
9 2207 8 10
10 2207 9 11
11 2201 10 12
12 2204 11 157
13 2261 159 199 52 Gauche
14 2261 15 211 143 Droite
15 2201 14 153
16 2201 154 155
17 2201 156 18
18 2261 17 142 65 Gauche
19 2201 142 172
20 2224 173 21 Gauche
21 2223 20 22 Gauche
22 2221 21 170 Gauche
23 2223 171 24 Gauche
24 2224 23 25 Gauche
25 2203 24 26
26 2261 27 25 70 Droite
27 2201 26 28
28 2202 27 29
29 2202 28 30
30 2207 29 31
31 2207 30 32
32 2201 31 33
33 2204 32 165
34 2261 167 35 84 Gauche
35 2203 34 36
36 2224 35 37 Gauche
37 2223 36 177 Gauche
38 2221 178 39 Gauche
39 2223 38 40 Gauche
40 2224 39 179 Gauche
41 2201 180 42
42 2293 41 43
43 2261 44 42 89 Droite
44 2201 43 181
45 2201 182 183
46 2201 184 47
47 2261 46 48 144 Gauche
48 2293 47 49
49 2201 48 187
50 2224 188 51 Gauche
51 2223 50 1 Gauche
52 2224 13 53 Gauche
53 2221 52 54 Gauche
54 2261 55 53 115 Droite
55 2224 54 56 Gauche
56 2261 55 57 58 Gauche
57 2203 56 143
58 2261 56 59 116 Gauche
59 2201 58 162
60 2202 162 61
61 2200 60 176
62 2202 176 63
63 2201 62 64
64 2261 66 63 225 Droite
65 2203 146 18
66 2261 67 146 64 Droite
67 2224 66 68 Gauche
68 2261 67 69 71 Gauche
69 2221 68 70 Gauche
70 2224 69 26 Gauche
71 2223 68 72 Gauche
72 2224 71 73 Gauche
73 2224 72 74 Gauche
74 2224 73 75 Gauche
75 2200 74 168
76 2200 169 77
77 2200 76 78
78 2200 77 79
79 2200 78 80
80 2224 79 81 Gauche
81 2224 80 82 Gauche
82 2224 81 83 Gauche
83 2223 82 86 Gauche
84 2224 34 85 Gauche
85 2221 84 86 Gauche
86 2261 87 85 83 Droite
87 2224 86 88 Gauche
88 2261 87 145 90 Gauche
89 2203 145 43
90 2261 88 91 141 Gauche
91 2201 90 92
92 2202 91 185
93 2200 185 94
94 2202 93 186
95 2201 186 96
96 2261 98 95 129 Droite
97 2203 144 98
98 2261 99 97 96 Droite
99 2224 98 100 Gauche
100 2261 99 101 103 Gauche
101 2221 100 102 Gauche
102 2224 101 5 Gauche
103 2223 100 104 Gauche
104 2224 103 105 Gauche
105 2224 104 106 Gauche
106 2224 105 107 Gauche
107 2200 106 108
108 2200 107 109
109 2200 108 110
110 2200 109 160
111 2200 161 112
112 2224 111 113 Gauche
113 2224 112 114 Gauche
114 2224 113 115 Gauche
115 2223 114 54 Gauche
116 2224 58 151 Gauche
117 2224 152 118 Gauche
118 2221 117 119 Gauche
119 2201 118 148
120 2201 164 121
121 2261 120 122 133 Droite
122 2208 121 123
123 2208 122 124
124 2261 125 123 133 Gauche
125 2201 124 195
126 2201 147 127
127 2221 126 197 Gauche
128 2223 198 129 Gauche
129 2224 128 96 Gauche
130 2201 221 150
131 2201 175 132
132 2261 131 134 133 Gauche
133 2258 121 136 132 124
134 2208 132 135
135 2208 134 136
136 2261 137 135 133 Droite
137 2201 136 193
138 2201 149 139
139 2221 138 191 Droite
140 2223 192 141 Droite
141 2224 140 90 Droite
142 2293 18 19
143 2203 57 14
144 2203 47 97
145 2203 88 89
146 2203 66 65
147 2203 196 126
148 2204 119 163
149 2203 194 138
150 2204 130 174
151 2223 116 152 Gauche
152 2224 151 117 Gauche
153 2202 15 154
154 2202 153 16
155 2202 16 156
156 2202 155 17
157 2202 12 158
158 2202 157 159
159 2201 158 13
160 2202 110 161
161 2204 160 111
162 2202 59 60
163 2202 148 164
164 2202 163 120
165 2202 33 166
166 2202 165 167
167 2201 166 34
168 2202 75 169
169 2204 168 76
170 2224 22 171 Gauche
171 2224 170 23 Gauche
172 2202 19 173
173 2202 172 20
174 2202 150 175
175 2202 174 131
176 2202 61 62
177 2224 37 178 Gauche
178 2224 177 38 Gauche
179 2202 40 180
180 2202 179 41
181 2202 44 182
182 2202 181 45
183 2202 45 184
184 2202 183 46
185 2202 92 93
186 2202 94 95
187 2202 49 188
188 2202 187 50
189 2224 1 190 Gauche
190 2224 189 2 Gauche
191 2224 139 192 Droite
192 2224 191 140 Droite
193 2202 137 194
194 2202 193 149
195 2202 125 196
196 2202 195 147
197 2224 127 198 Gauche
198 2224 197 128 Gauche
199 2261 13 206 201 Gauche
200 2261 211 202 212 Gauche
201 2234 199 205 Gauche
202 2224 203 200 Gauche
203 2223 204 202 Gauche
204 2221 205 203 Gauche
205 2224 201 204 Gauche
206 2221 199 207 Gauche
207 2201 206 208
208 2224 209 207 Gauche
209 2224 210 208 Gauche
210 2223 213 209 Gauche
211 2202 200 14
212 2223 200 214 Gauche
213 2261 217 210 216 Droite
214 2224 212 215 Gauche
215 2224 214 216 Gauche
216 2223 215 213 Gauche
217 2200 213 218
218 2202 217 219
219 2202 218 220
220 7391 219
221 2221 130 222 Gauche
222 2224 221 223 Gauche
223 2224 222 224 Gauche
224 2223 223 225 Gauche
225 2224 224 64 Gauche
39
1 157
2 201
3 202
4 154
5 113
6 55
7 60
8 152
9 163
10 155
11 172
12 171
13 29
14 176
15 67
16 73
17 174
18 223
19 165
20 177
21 180
22 182
23 81
24 87
25 185
26 192
27 194
28 183
29 187
30 190
31 8
32 94
33 99
34 105
35 196
36 198
37 208
38 215
39 218
26
1 13
2 54
3 56
4 14
5 58
6 121
7 18
8 66
9 68
10 26
11 64
12 132
13 34
14 86
15 88
16 43
17 90
18 136
19 47
20 98
21 100
22 5
23 96
24 124
25 200
26 199
4
-1249 -749
38 -92
