Maquette C (c)2003(v2) Laboratoire d'informatique industrielle de l'EIG (HES-SO)
200
1 2202 64 2 
2 2261 1 3 4 Droite
3 2204 2 5 
4 2204 2 25 
5 2207 3 6 
6 2203 5 7 
7 2208 6 8 
8 2210 9 7 Gauche
9 2204 8 10 
10 2210 11 9 Gauche
11 2204 10 12 
12 2200 11 13 
13 2204 12 14 
14 2200 13 60 
15 2200 61 16 
16 2204 15 17 
17 2200 16 18 
18 2204 17 19 
19 2210 20 18 Gauche
20 2204 19 21 
21 2210 22 20 Gauche
22 2208 21 23 
23 2203 22 24 
24 2207 23 57 
25 2270 26 93 132 4 
26 2204 25 27 
27 2210 28 26 Gauche
28 2204 27 29 
29 2210 30 28 Gauche
30 2204 29 31 
31 2210 32 30 Gauche
32 2204 31 33 
33 2210 34 32 Gauche
34 2204 33 38 
35 2204 38 36 
36 2207 35 37 
37 2202 36 110 
38 2261 34 35 39 Gauche
39 2204 38 40 
40 2270 41 149 39 42 
41 2202 40 111 
42 2204 40 43 
43 2261 47 44 42 Droite
44 2204 43 45 
45 2207 44 46 
46 2202 45 112 
47 2204 43 48 
48 2210 49 47 Gauche
49 2204 48 50 
50 2210 51 49 Gauche
51 2204 50 52 
52 2210 53 51 Gauche
53 2204 52 54 
54 2210 55 53 Gauche
55 2204 54 56 
56 2270 55 128 59 160 
57 2204 24 58 
58 2261 63 57 59 Gauche
59 2204 56 58 
60 2203 14 62 
61 2203 15 62 
62 2201 61 60 
63 2202 58 90 
64 2261 1 65 91 Gauche
65 2204 64 66 
66 2207 65 67 
67 2203 66 68 
68 2208 67 69 
69 2210 68 70 Gauche
70 2204 69 71 
71 2210 70 72 Gauche
72 2204 71 73 
73 2200 72 74 
74 2204 73 75 
75 2200 74 76 
76 2203 75 77 
77 2201 76 78 
78 2203 77 79 
79 2200 78 80 
80 2204 79 81 
81 2200 80 82 
82 2204 81 83 
83 2210 82 84 Gauche
84 2204 83 85 
85 2210 84 86 Gauche
86 2208 85 87 
87 2203 86 88 
88 2207 87 89 
89 2204 88 90 
90 2261 63 89 126 Droite
91 2204 64 92 
92 2270 98 97 91 142 
93 2204 25 94 
94 2207 93 95 
95 2202 94 96 
96 2207 95 97 
97 2204 96 92 
98 2204 92 99 
99 2210 98 100 Gauche
100 2204 99 101 
101 2210 100 102 Gauche
102 2204 101 103 
103 2210 102 104 Gauche
104 2204 103 105 
105 2210 104 106 Gauche
106 2204 105 107 
107 2261 106 108 109 Droite
108 2204 107 110 
109 2204 107 111 
110 2207 108 37 
111 2270 41 155 115 109 
112 2207 46 113 
113 2204 112 114 
114 2261 116 113 115 Gauche
115 2204 114 111 
116 2204 114 117 
117 2210 116 118 Gauche
118 2204 117 119 
119 2210 118 120 Gauche
120 2204 119 121 
121 2210 120 122 Gauche
122 2204 121 123 
123 2210 122 124 Gauche
124 2204 123 125 
125 2270 124 127 170 126 
126 2204 125 90 
127 2204 125 130 
128 2204 56 129 
129 2207 128 131 
130 2207 127 131 
131 2202 130 129 
132 2204 25 133 
133 2261 135 134 132 Gauche
134 2204 133 136 
135 2202 133 141 
136 2202 134 137 
137 2210 138 136 Gauche
138 2204 137 139 
139 2210 140 138 Gauche
140 2204 139 187 
141 2261 135 143 142 Droite
142 2204 141 92 
143 2204 141 144 
144 2202 143 145 
145 2210 144 146 Gauche
146 2204 145 147 
147 2210 146 148 Gauche
148 2204 147 194 
149 2204 40 150 
150 2207 149 151 
151 2204 150 152 
152 2200 151 177 
153 2204 177 154 
154 7391 153 
155 2204 111 156 
156 2207 155 157 
157 2204 156 186 
158 2204 185 178 
159 7391 184 
160 2204 56 161 
161 2261 162 163 160 Droite
162 2202 161 169 
163 2204 161 164 
164 2202 163 165 
165 2210 164 166 Gauche
166 2204 165 167 
167 2210 166 168 Gauche
168 2204 167 188 
169 2261 162 171 170 Gauche
170 2204 169 125 
171 2204 169 172 
172 2202 171 173 
173 2210 174 172 Gauche
174 2204 173 175 
175 2210 176 174 Gauche
176 2204 175 195 
177 2202 152 153 
178 2204 158 179 
179 2204 178 180 
180 2204 179 181 
181 2204 180 182 
182 2204 181 183 
183 2204 182 184 
184 2204 183 159 
185 2204 186 158 
186 2202 157 185 
187 2206 140 189 
188 2206 168 190 
189 2208 187 192 
190 2208 188 191 
191 2204 190 193 
192 2204 189 193 
193 2206 192 191 
194 2206 148 197 
195 2206 176 196 
196 2208 195 199 
197 2208 194 198 
198 2204 197 200 
199 2204 196 200 
200 2206 198 199 
59
1 6
2 9
3 11
4 62
5 18
6 185
7 158
8 63
9 87
10 178
11 179
12 77
13 72
14 70
15 67
16 1
17 26
18 28
19 30
20 32
21 34
22 37
23 106
24 104
25 102
26 100
27 180
28 95
29 136
30 98
31 140
32 148
33 181
34 144
35 135
36 124
37 122
38 120
39 118
40 116
41 46
42 47
43 49
44 51
45 53
46 55
47 182
48 172
49 82
50 176
51 168
52 23
53 164
54 162
55 131
56 157
57 41
58 151
59 20
24
1 161
2 58
3 56 Secondaire
4 56
5 90
6 169
7 125 Secondaire
8 125
9 38
10 43
11 40 Secondaire
12 40
13 114
14 107
15 111 Secondaire
16 111
17 25 Secondaire
18 25
19 2
20 133
21 92
22 92 Secondaire
23 141
24 64
1
-791 -22
0 100 