Maquette B1 (C) Juillet 1998 Laboratoire De Temps Reel
184
1 2260 2 45 24 23
2 2235 1 3 Droite
3 2233 2 4 Droite
4 2234 3 5 Droite
5 2234 4 6 Droite
6 2232 5 7 Droite
7 2261 8 46 6 Gauche
8 2231 7 9 Droite
9 2234 8 10 Droite
10 2234 9 11 Droite
11 2232 10 12 Droite
12 2261 13 78 11 Gauche
13 2261 12 58 14 Droite
14 2232 13 15 Droite
15 2234 14 16 Droite
16 2234 15 17 Droite
17 2231 16 18 Droite
18 2261 17 52 19 Droite
19 2232 18 20 Droite
20 2234 19 21 Droite
21 2234 20 22 Droite
22 2233 21 23 Droite
23 2235 22 1 Droite
24 2235 1 25 Gauche
25 2233 24 26 Gauche
26 2234 25 27 Gauche
27 2234 26 28 Gauche
28 2232 27 29 Gauche
29 2261 30 51 28 Droite
30 2231 29 31 Gauche
31 2234 30 32 Gauche
32 2234 31 33 Gauche
33 2232 32 34 Gauche
34 2261 35 102 33 Droite
35 2261 34 101 36 Gauche
36 2232 35 37 Gauche
37 2234 36 38 Gauche
38 2234 37 39 Gauche
39 2231 38 40 Gauche
40 2261 39 57 41 Gauche
41 2232 40 42 Gauche
42 2234 41 43 Gauche
43 2234 42 44 Gauche
44 2233 43 45 Gauche
45 2235 44 1 Gauche
46 2200 7 47
47 2208 46 48
48 2202 47 49
49 2202 48 50
50 2293 49 51
51 2200 50 29
52 2200 18 53
53 2208 52 54
54 2202 53 55
55 2202 54 56
56 2293 55 57
57 2200 56 40
58 2201 13 59
59 2293 58 60
60 2202 59 61
61 2234 60 62 Droite
62 2233 61 63 Droite
63 2233 62 64 Droite
64 2261 79 65 63 Gauche
65 2231 64 66 Gauche
66 2232 65 67 Gauche
67 2234 66 68 Gauche
68 2200 67 69
69 2206 68 70
70 2206 69 161
71 2231 162 72 Gauche
72 2261 124 71 73 Droite
73 2233 72 74 Droite
74 2233 73 75 Droite
75 2234 74 76 Droite
76 2293 75 77
77 2293 76 78
78 2201 77 12
79 2261 64 135 80 Droite
80 2234 79 81 Droite
81 2201 80 82
82 2202 81 83
83 2202 82 84
84 2208 83 85
85 2200 84 86
86 2208 85 87
87 2201 86 88
88 2293 87 89
89 2201 88 90
90 2208 89 91
91 2202 90 92
92 2202 91 93
93 2201 92 142
94 2234 142 95 Droite
95 2261 94 174 96 Droite
96 2233 95 97 Droite
97 2233 96 98 Droite
98 2234 97 99 Droite
99 2202 98 100
100 2293 99 101
101 2201 100 35
102 2201 34 103
103 2293 102 104
104 2293 103 105
105 2234 104 106 Droite
106 2233 105 107 Droite
107 2233 106 108 Droite
108 2261 109 130 107 Gauche
109 2261 108 151 110 Droite
110 2234 109 111 Droite
111 2201 110 112
112 2202 111 113
113 2202 112 114
114 2208 113 115
115 2201 114 116
116 2293 115 117
117 2201 116 118
118 2208 117 119
119 2200 118 120
120 2208 119 121
121 2202 120 122
122 2202 121 123
123 2201 122 158
124 2234 158 72 Droite
125 2200 132 126
126 2206 125 127
127 2206 126 128
128 2234 127 129 Droite
129 2232 128 130 Droite
130 2231 129 108 Droite
131 2234 175 174 Gauche
132 2261 125 133 175 Gauche
133 2221 184 132 Gauche
134 2261 148 146 182 Gauche
135 2221 136 79 Gauche
136 2202 135 137
137 2200 136 138
138 2204 137 139
139 2201 138 140
140 2200 139 141
141 2202 140 144
142 2260 94 143 145 93
143 2208 142 144
144 2232 143 141 Gauche
145 2200 176 142
146 2224 147 134 Gauche
147 2206 146 178
148 2200 134 149
149 2202 148 150
150 7391 149
151 2221 152 109 Gauche
152 2202 151 153
153 2200 152 154
154 2204 153 155
155 2201 154 156
156 2200 155 157
157 2202 156 160
158 2260 124 159 166 123
159 2208 158 160
160 2232 159 157 Gauche
161 2261 70 168 162 Gauche
162 2234 161 71 Gauche
163 2221 164 165 Gauche
164 2224 167 163 Gauche
165 2261 171 170 163 Droite
166 2208 158 167
167 2221 166 164 Gauche
168 2200 161 179
169 2206 181 170
170 2203 169 165
171 2200 165 172
172 2202 171 173
173 7391 172
174 2233 131 95 Gauche
175 2233 132 131 Gauche
176 2201 145 177
177 2202 176 178
178 2293 177 147
179 2201 168 180
180 2202 179 181
181 2202 180 169
182 2223 134 183 Gauche
183 2224 182 184 Gauche
184 2224 183 133 Gauche
32
1 9
2 49
3 75
4 122
5 162
6 157
7 31
8 27
9 112
10 105
11 152
12 128
13 38
14 55
15 98
16 92
17 131
18 141
19 16
20 20
21 82
22 61
23 136
24 67
25 5
26 42
27 177
28 184
29 149
30 180
31 164
32 172
21
1 12
2 7
3 72
4 158
5 34
6 29
7 109
8 108
9 35
10 40
11 95
12 142
13 13
14 18
15 79
16 64
17 1
18 161
19 132
20 134
21 165
1
-183 -293
-98 19
